  440 60 0.0500 18  1
        3.176091  -12.00  -11.00  -10.00   -9.00   -8.00   -7.00   -6.00   -5.00
        3.397940  -12.00  -11.00  -10.00   -9.00   -8.00   -7.00   -6.00   -5.00
        3.477121  -12.00  -11.00  -10.00   -9.00   -8.00   -7.00   -6.00   -5.00
        3.602060  -12.00  -11.00  -10.00   -9.00   -8.00   -7.00   -6.00   -5.00
        3.698970  -12.00  -11.00  -10.00   -9.00   -8.00   -7.00   -6.00   -5.00
        3.778151  -12.00  -11.00  -10.00   -9.00   -8.00   -7.00   -6.00   -5.00
        3.845098  -11.00  -10.00   -9.00   -8.00   -7.00   -6.00   -5.00   -4.00
        3.903090  -11.00  -10.00   -9.00   -8.00   -7.00   -6.00   -5.00   -4.00
        3.954242  -11.00  -10.00   -9.00   -8.00   -7.00   -6.00   -5.00   -4.00
        4.000000  -10.00   -9.00   -8.00   -7.00   -6.00   -5.00   -4.00   -3.00
        4.079181  -10.00   -9.00   -8.00   -7.00   -6.00   -5.00   -4.00   -3.00
        4.176091  -10.00   -9.00   -8.00   -7.00   -6.00   -5.00   -4.00   -3.00
        4.301030  -10.00   -9.00   -8.00   -7.00   -6.00   -5.00   -4.00   -3.00
        4.477121  -10.00   -9.00   -8.00   -7.00   -6.00   -5.00   -4.00   -3.00
        4.698970   -9.00   -8.00   -7.00   -6.00   -5.00   -4.00   -3.00   -2.00
        4.845098   -9.00   -8.00   -7.00   -6.00   -5.00   -4.00   -3.00   -2.00
        5.000000   -8.00   -7.00   -6.00   -5.00   -4.00   -3.00   -2.00   -1.00
        5.301030   -8.00   -7.00   -6.00   -5.00   -4.00   -3.00   -2.00   -1.00
        5.698970   -7.00   -6.00   -5.00   -4.00   -3.00   -2.00   -1.00    0.
        6.000000   -6.00   -5.00   -4.00   -3.00   -2.00   -1.00    0.      1.00
        6.301030   -5.00   -4.00   -3.00   -2.00   -1.00    0.      1.00    2.00
        6.698970   -4.00   -3.00   -2.00   -1.00    0.      1.00    2.00    3.00
        7.000000   -3.00   -2.00   -1.00    0.      1.00    2.00    3.00    4.00
        7.301030   -2.00   -1.00    0.      1.00    2.00    3.00    4.00    5.00
        7.698970   -1.00    0.      1.00    2.00    3.00    4.00    5.00    6.00
        8.000000    0.0     1.00    2.00    3.00    4.00    5.00    6.00    7.00
        8.301030    1.00    2.00    3.00    4.00    5.00    6.00    7.00    8.00
        8.698970    2.00    3.00    4.00    5.00    6.00    7.00    8.00    9.00
        9.000000    3.00    4.00    5.00    6.00    7.00    8.00    9.00   10.00
   -6.5361   -6.6216   -6.5670   -6.4401   -6.2899   -6.1261   -5.9547   -5.7852
   -5.3125   -5.2765   -5.1494   -5.0177   -4.8508   -4.5171   -4.0980   -3.7235
   -5.0996   -5.0311   -4.8761   -4.6440   -4.2741   -3.7696   -3.2628   -2.7352
   -3.9914   -4.1979   -4.1624   -3.8069   -3.1918   -2.5031   -1.9318   -1.5421
   -2.5591   -2.8477   -2.7959   -2.4283   -1.9788   -1.4921   -0.9788   -0.4989
   -1.3620   -1.6637   -1.6834   -1.4065   -1.0098   -0.5789   -0.1168    0.4518
   -0.6507   -0.6680   -0.4870   -0.1808    0.1858    0.5958    1.1461    1.5944
    0.0065    0.1844    0.3452    0.5590    0.8358    1.1725    1.6866    2.1303
    0.2096    0.7003    1.0113    1.2073    1.4117    1.6693    2.1303    2.5599
    0.8449    1.4197    1.7158    1.8991    2.0983    2.3767    2.8927    3.2878
    0.6007    1.4982    2.2079    2.5705    2.7784    2.9935    3.4150    3.8267
    0.2033    1.0373    2.0463    2.8847    3.3763    3.6604    4.0492    4.3464
   -0.0818    0.5243    1.4910    2.5611    3.5560    4.2220    4.7059    5.0531
   -0.1730    0.2112    1.0093    2.0575    3.1896    4.2877    5.0934    5.4564
   -0.1097    0.5028    1.4238    2.4408    3.4567    4.3839    5.0723    4.5237
   -0.3149   -0.0020    0.6559    1.5561    2.5272    3.4735    4.2926    4.1072
   -0.2796    0.0513    0.7053    1.5974    2.5521    3.4477    4.1803    4.3181
   -0.3932   -0.3487   -0.1747    0.2661    1.0163    1.9281    2.8228    3.2788
   -0.3995   -0.3884   -0.3288   -0.1215    0.3610    1.1344    1.9883    2.7712
   -0.4003   -0.3933   -0.3518   -0.1968    0.1981    0.8837    1.7133    2.6059
   -0.4018   -0.3972   -0.3667   -0.2440    0.0884    0.7001    1.5639    2.3404
   -0.4059   -0.4038   -0.3916   -0.3287   -0.1327    0.3468    1.0890    1.8112
   -0.4110   -0.4090   -0.3990   -0.3490   -0.1730    0.2550    0.9160    1.4820
   -0.4201   -0.4188   -0.4107   -0.3692   -0.2182    0.1397    0.6839    1.6749
   -0.4479   -0.4480   -0.4457   -0.4256   -0.3641   -0.1860    0.3385    1.5198
   -0.4900   -0.4910   -0.4880   -0.4810   -0.4750   -0.3970    0.3655    2.0294
   -0.5635   -0.5642   -0.5645   -0.5793   -0.6490   -0.5406   -0.1746    2.8082
   -0.7188   -0.7178   -0.7219   -0.7583   -0.9056   -0.6840   -0.1261    4.1038
   -0.8761   -0.8761   -0.8761   -0.8761   -0.8729   -0.7799    0.6096   38.2304
   -6.7190   -6.8297   -6.8153   -6.7144   -6.5935   -6.4724   -6.3605   -6.2652
   -5.9747   -5.9830   -5.9706   -5.9318   -5.8665   -5.6180   -5.1331   -4.6021
   -5.8069   -5.8356   -5.8539   -5.8210   -5.7282   -5.4248   -4.8153   -4.0182
   -5.2226   -5.4271   -5.5528   -5.4921   -5.1918   -4.6737   -4.0778   -3.4522
   -4.7282   -4.8761   -4.9508   -5.0000   -4.8729   -4.4078   -3.5884   -2.7496
   -4.4672   -4.4921   -5.8096   -5.9051   -5.8276   -5.6824   -5.5137   -2.5302
   -4.3188   -4.9393   -5.1469   -5.1389   -4.9879   -4.7799   -2.1785   -1.4609
   -3.9135   -4.1405   -4.4298   -4.5096   -4.3739   -4.1312   -1.8697   -1.1630
   -2.9462   -3.3713   -3.7209   -3.8773   -3.7742   -3.5219   -1.6326   -0.9031
   -2.6690   -3.0020   -3.1650   -3.1030   -2.8940   -2.6070   -0.6882    0.0294
   -1.4847   -1.6673   -1.7532   -1.7398   -1.6395   -1.4703    0.0294    0.3997
   -0.7357   -0.4651   -0.2969   -0.2168   -0.1610   -0.0891    1.0645    1.3711
   -0.8803   -0.4948    0.2055    0.8502    1.1738    1.2756    2.2765    2.5250
   -0.7194   -0.6210   -0.2522    0.4640    1.3732    2.2145    2.8083    3.6618
   -0.4493    0.2048    1.1741    1.8804    2.3812    3.0956    3.8709    4.7042
   -0.6067   -0.3269    0.3585    1.4165    2.5743    3.4262    4.0700    4.8426
   -0.4713   -0.0499    0.8017    1.8880    3.0465    4.0651    4.7533    5.2122
   -0.6566   -0.4453    0.1280    1.0305    2.0366    3.0155    3.8151    4.2856
   -0.6939   -0.6557   -0.4899   -0.0596    0.6818    1.5810    2.4404    3.1048
   -0.6972   -0.6801   -0.5970   -0.3293    0.2372    1.0505    1.8935    2.5159
   -0.6990   -0.6898   -0.6397   -0.4565   -0.0149    0.7077    1.4780    2.2923
   -0.7030   -0.7008   -0.6833   -0.5996   -0.3407    0.1698    0.9330    1.6907
   -0.7081   -0.7071   -0.6933   -0.6273   -0.4220    0.0445    0.7567    1.3672
   -0.7181   -0.7168   -0.7059   -0.6529   -0.4834   -0.0667    0.5441    1.2330
   -0.7459   -0.7460   -0.7420   -0.7225   -0.6250   -0.3869    0.0294    1.0170
   -0.7880   -0.7880   -0.7860   -0.7690   -0.7160   -0.5660   -0.0123    1.3263
   -0.8615   -0.8616   -0.8617   -0.8563   -0.8609   -0.6038    0.0000    1.8136
   -1.0172   -1.0173   -1.0172   -1.0295   -1.1043   -0.8601   -0.1669    2.1430
   -1.1746   -1.1746   -1.1746   -1.1746   -1.1739   -1.1409   -0.4413    4.5237
   -6.5686   -6.7570   -6.9318   -7.0487   -6.9914   -6.7959   -6.5591   -6.3080
   -5.5591   -5.6038   -5.6421   -5.6073   -5.4672   -5.1040   -4.5302   -3.9706
   -5.2233   -5.3516   -5.3799   -5.3645   -5.2321   -4.8447   -4.1415   -3.3242
   -3.4012   -3.8239   -4.1871   -4.3279   -4.0516   -3.5817   -3.0575   -2.5017
   -1.9957   -2.3675   -2.6819   -2.7496   -2.6478   -2.1630   -1.6596   -1.1518
   -1.4781   -1.3958   -1.4313   -1.4315   -1.4218   -1.3886   -1.3269   -0.0511
   -1.2211   -0.8876   -0.5380   -0.3896   -0.3127   -0.2269    0.7980    1.2279
   -1.3573   -0.9278   -0.2301    0.2280    0.4199    0.5127    1.4683    1.8739
   -1.3869   -1.0593   -0.3110    0.4669    0.9043    1.0915    2.0294    2.4048
   -1.1470   -0.4620    0.4400    1.1520    1.5040    1.6640    2.8312    3.2201
   -1.1680   -0.6664    0.2064    1.1704    1.9270    2.3310    3.3222    3.8261
   -0.6735   -0.3264    0.1908    1.0045    1.9674    2.7793    3.8142    4.2068
   -0.6845   -0.0019    0.8537    1.4839    2.0806    2.9069    4.0934    4.8457
   -0.5704   -0.0380    0.6296    1.4264    2.4608    3.3722    4.0852    4.8865
   -0.3246    0.4652    1.3653    2.3301    3.2324    4.1361    4.9490    4.9533
   -0.6551   -0.0675    0.9287    2.0256    3.0089    3.9592    4.7709    5.0043
   -0.4725    0.2459    1.3042    2.4847    3.6139    4.4524    4.8482    5.0484
   -0.8082   -0.5512    0.1219    1.0674    2.0568    2.9731    3.6484    4.1667
   -0.6632   -0.4627    0.0598    0.7486    1.5066    2.2272    2.9028    3.5401
   -0.6188   -0.4433    0.0003    0.9805    2.0774    2.9544    3.5654    3.8864
   -0.6696   -0.4759    0.0570    0.9102    1.8392    2.6042    3.0734    2.7356
   -0.7030   -0.6674   -0.5268   -0.1475    0.5222    1.3077    1.9418    2.3730
   -0.7073   -0.6924   -0.6201   -0.3817    0.1265    0.8131    1.4246    1.9230
   -0.7169   -0.7094   -0.6652   -0.4997   -0.1041    0.4610    1.1614    1.6493
   -0.7450   -0.7444   -0.7285   -0.6533   -0.4437    0.0069    0.5647    1.2765
   -0.7880   -0.7870   -0.7760   -0.7260   -0.5520   -0.2080    0.3096    1.6503
   -0.8613   -0.8602   -0.8547   -0.8202   -0.6983   -0.3363    0.3075    2.1931
   -1.0161   -1.0148   -1.0192   -1.0054   -0.9869   -0.7122    0.1430    2.4425
   -1.1746   -1.1746   -1.1701   -1.1457   -1.0820   -0.7932    0.2355    4.7275
  -4.0   0.016179   0.016128            0.001602  0.000158  0.000015
  -3.9   0.017875   0.017812            0.001768  0.000174  0.000017
  -3.8   0.019748   0.019670            0.001952  0.000192  0.000018
  -3.7   0.021816   0.021721            0.002153  0.000211  0.000020
  -3.6   0.024099   0.023984            0.002376  0.000233  0.000022
  -3.5   0.026620   0.026480            0.002620  0.000256  0.000024
  -3.4   0.029404   0.029233            0.002889  0.000282  0.000027
  -3.3   0.032476   0.032269            0.003186  0.000310  0.000029
  -3.2   0.035868   0.035615            0.003511  0.000341  0.000032
  -3.1   0.039611   0.039303            0.003870  0.000375  0.000035
  -3.0   0.043741   0.043366            0.004263  0.000412  0.000038
  -2.9   0.048298   0.047842            0.004695  0.000452  0.000042
  -2.8   0.053324   0.052770            0.005168  0.000496  0.000045
  -2.7   0.058868   0.058194            0.005687  0.000543  0.000049
  -2.6   0.064981   0.064161            0.006256  0.000595  0.000054
  -2.5   0.071720   0.070724            0.006879  0.000651  0.000058
  -2.4   0.079148   0.077938            0.007559  0.000711  0.000063
  -2.3   0.087332   0.085864            0.008303  0.000776  0.000068
  -2.2   0.096347   0.094566            0.009114  0.000846  0.000073
  -2.1   0.106273   0.104116            0.009997  0.000922  0.000078
  -2.0   0.117200   0.114588            0.010959  0.001003  0.000083
  -1.9   0.129224   0.126063            0.012005  0.001089  0.000089
  -1.8   0.142449   0.138627            0.013139  0.001180  0.000094
  -1.7   0.156989   0.152373            0.014368  0.01278   0.000100
  -1.6   0.172967   0.167397            0.015697  0.001381  0.000105
  -1.5   0.190515   0.183802            0.017131  0.001489  0.000110
  -1.4   0.209777   0.201696            0.018676  0.001602  0.000116
  -1.3   0.230907   0.221193            0.020337  0.001720  0.000120
  -1.2   0.254073   0.242410            0.022118  0.001843  0.000124
  -1.1   0.279451   0.265471            0.024024  0.001969  0.000128
  -1.0   0.307232   0.290501            0.026057  0.002098  0.000131
  -0.9   0.337621   0.317630            0.028222  0.002231  0.000133
  -0.8   0.370833   0.346989            0.030520  0.002364  0.000134
  -0.7   0.407098   0.378714            0.032951  0.002499  0.000134
  -0.6   0.446659   0.412937            0.035517  0.002633  0.000133
  -0.5   0.489773   0.449793            0.038217  0.002766  0.000131
  -0.4   0.536710   0.489414            0.041048  0.002896  0.000128
  -0.3   0.587752   0.531931            0.044007  0.003022  0.000124
  -0.2   0.643197   0.577470            0.047091  0.003144  0.000119
  -0.1   0.703351   0.626152            0.050293  0.003259  0.000112
   0.0   0.768536   0.678094            0.053608  0.003368  0.000105
   0.1   0.839082   0.733403            0.057027  0.003470  0.000097
   0.2   0.915332   0.792181            0.060544  0.003562  0.000088
   0.3   0.997637   0.854521            0.064149  0.003646  0.000078
   0.4   1.086358   0.920505            0.067832  0.003719  0.000069
   0.5   1.181862   0.990209            0.071584  0.003783  0.000058
   0.6   1.284526   1.063694            0.075395  0.003836  0.000048
   0.7   1.394729   1.141015            0.079254  0.003880  0.000038
   0.8   1.512858   1.222215            0.083151  0.003913  0.000028
   0.9   1.639302   1.307327            0.087076  0.003936  0.000018
   1.0   1.774455   1.396375            0.091020  0.003950  0.000009
   1.1   1.918709   1.489372            0.094974  0.003955  0.000001
   1.2   2.072461   1.586323            0.098928  0.003952  -.000007
   1.3   2.236106   1.687226            0.102875  0.003941  -.000014
   1.4   2.410037   1.792068            0.106807  0.003923  -.000021
   1.5   2.594650   1.900833            0.110718  0.003898  -.000027
   1.6   2.790334   2.013496            0.114602  0.003868  -.000032
   1.7   2.997478   2.130027            0.118453  0.003833  -.000037
   1.8   3.216467   2.250391            0.122267  0.003794  -.000041
   1.9   3.447683   2.374548            0.126041  0.003751  -.000044
   2.0   3.691502   2.502458            0.129770  0.003706  -.000047
   2.1   3.948298   2.634072            0.133451  0.003657  -.000049
   2.2   4.218438   2.769344            0.137084  0.003607  -.000050
   2.3   4.502287   2.908224            0.140666  0.003556  -.000052
   2.4   4.800202   3.050659            0.144196  0.003504  -.000053
   2.5   5.112536   3.196598            0.147673  0.003450  -.000053
   2.6   5.439637   3.345988            0.151097  0.003397  -.000053
   2.7   5.781847   3.498775            0.154467  0.003343  -.000053
   2.8   6.139503   3.654905            0.157784  0.003290  -.000053
   2.9   6.512937   3.814326            0.161049  0.003238  -.000052
   3.0   6.902476   3.976985            0.164261  0.003186  -.000051
   3.1   7.308441   4.142831            0.167421  0.003135  -.000050
   3.2   7.731147   4.311811            0.170531  0.003085  -.000050
   3.3   8.170906   4.483876            0.173591  0.003035  -.000048
   3.4   8.628023   4.658977            0.176602  0.002987  -.000047
   3.5   9.102801   4.837066            0.179566  0.002941  -.000046
   3.6   9.595535   5.018095            0.182484  0.002895  -.000045
   3.7  10.106516   5.202020            0.185357  0.002850  -.000044
   3.8  10.636034   5.388795            0.188186  0.002807  -.000042
   3.9  11.184369   5.578378            0.190972  0.002765  -.000041
   4.0  11.75180    5.77072             0.193717  0.002725  -.000040
   4.1  12.33860    5.96580             0.19642   0.00268   -.00004
   4.2  12.94505    6.16356             0.19909   0.00265   -.00004
   4.3  13.57140    6.36396             0.20172   0.00261   -.00003
   4.4  14.21793    6.56698             0.20431   0.00257   -.00003
   4.5  14.88489    6.77257             0.20687   0.00254   -.00003
   4.6  15.57253    6.98070             0.20939   0.00250   -.00003
   4.7  16.28111    7.19134             0.21188   0.00247   -.00003
   4.8  17.01088    7.40445             0.21434   0.00244   -.00003
   4.9  17.76208    7.62001             0.21676   0.00241   -.00003
   5.0  18.53496    7.83797             0.21916   0.00238   -.00003
   5.1  19.32976    8.05832             0.22153   0.00235   -.00003
   5.2  20.14671    8.28103             0.22387   0.00232   -.00003
   5.3  20.98604    8.50606             0.22618   0.00230   -.00002
   5.4  21.84799    8.73339             0.22847   0.00227   -.00002
   5.5  22.73279    8.96299             0.23073   0.00225   -.00002
   5.6  23.64067    9.19485             0.23297   0.00222   -.00002
   5.7  24.57184    9.42893             0.23518   0.00220   -.00002
   5.8  25.52653    9.66521             0.23737   0.00218   -.00002
   5.9  26.50495    9.90367             0.23954   0.00216   -.00002
   6.0  27.50733   10.14428             0.24169   0.00213   -.00002
   6.1  28.53388   10.38703             0.24381   0.00211   -.00002
   6.2  29.58481   10.63190             0.24591   0.00209   -.00002
   6.3  30.66033   10.87886             0.24800   0.00207   -.00002
   6.4  31.76065   11.12789             0.25006   0.00205   -.00002
   6.5  32.88598   11.37898             0.25211   0.00203   -.00002
   6.6  34.03652   11.63211             0.25414   0.00202   -.00002
   6.7  35.21247   11.88726             0.25615   0.00200   -.00002
   6.8  36.41404   12.14440             0.25814   0.00198   -.00002
   6.9  37.64142   12.40354             0.26012   0.00197   -.00002
   7.0  38.89481   12.66464             0.26208   0.00195   -.00001
   7.1  40.17441   12.92769             0.26402   0.00193   -.00001
   7.2  41.48041   13.19267             0.26595   0.00192   -.00001
   7.3  42.81301   13.45958             0.26786   0.00190   -.00001
   7.4  44.17239   13.72839             0.26976   0.00189   -.00001
   7.5  45.55875   13.99910             0.27164   0.00187   -.00001
   7.6  46.97227   14.27168             0.27351   0.00186   -.00001
   7.7  48.41315   14.54612             0.27537   0.00185   -.00001
   7.8  49.88156   14.82241             0.27721   0.00183   -.00001
   7.9  51.37769   15.10053             0.27904   0.00182   -.00001
   8.0  52.90173   15.38048             0.28085   0.00181   -.00001
   8.1  54.45385   15.66224             0.28266   0.00186   0.0
   8.2  56.03424   15.94580             0.28445   0.00178   0.0
   8.3  57.64307   16.23114             0.28623   0.00177   0.0
   8.4  59.28052   16.51826             0.28800   0.00176   0.0
   8.5  60.94678   16.80714             0.28975   0.00175   0.0
   8.6  62.64201   17.09776             0.29150   0.00174   0.0
   8.7  64.36639   17.39013             0.29323   0.00173   0.0
   8.8  66.12009   17.68423             0.29495   0.00172   0.0
   8.9  67.90329   17.98004             0.29667   0.00171   0.0
   9.0  69.71616   18.27756             0.29837   0.00169   0.0
   9.1  71.55886   18.57677             0.30006   0.00168   0.0
   9.2  73.43157   18.87768             0.30174   0.00167   0.0
   9.3  75.33445   19.18026             0.30341   0.00167   0.0
   9.4  77.26768   19.48451             0.30508   0.00166   0.0
   9.5  79.23141   19.79041             0.30673   0.00165   0.0
   9.6  81.22582   20.09796             0.30837   0.00164   0.0
   9.7  83.25106   20.40715             0.31001   0.00163   0.0
   9.8  85.30730   20.71797             0.31163   0.00162   0.0
   9.9  87.39471   21.03042             0.31325   0.00161   0.0
  10.0  89.51344   21.34447             0.31486   0.00160   0.0
        39        16
     12.00     12.00     12.00     12.00     12.00     12.00     12.00     12.00
     12.00     12.00     12.00     12.00     12.00     12.00     12.00     12.00
     12.40     12.80     13.20     13.60     14.00     14.40     14.80     15.20
     15.60     16.00     16.40     16.80     17.20     17.60     18.00     18.40
     18.80     19.20     19.60     20.00     20.40     20.80     21.20
        87        87        87        87        87        87        87        87
        87        87        87        87        87        87        87        87
        85        83        81        79        77        75        73        71
        69        67        65        63        61        59        57        55
        53        51        49        47        45        43        41
        65        60        56        52        49        46        43        40
        38        35        32        30        27        25        23        21
        18        16        16        16        16        16        16        16
        16        16        16        16        16        16        16        16
        16        16        16        16        16        16        16
     12.00     26.00      -.20
      5.10      8.90       .10
        36        16
     12.00     12.00     12.00     12.00     12.00     12.00     12.00     12.00
     12.00     12.00     12.00     12.00     12.00     12.40     12.80     13.20
     13.60     14.00     14.40     14.80     15.20     15.60     16.00     16.40
     16.80     17.20     17.60     18.00     18.40     18.80     19.20     19.60
     20.00     20.40     20.80     21.20
        87        87        87        87        87        87        87        87
        87        87        87        87        87        85        83        81
        79        77        75        73        71        69        67        65
        63        61        59        57        55        53        51        49
        47        45        43        41
        62        57        53        50        47        44        41        38
        35        33        30        28        25        23        21        18
        16        16        16        16        16        16        16        16
        16        16        16        16        16        16        16        16
        16        16        16        16
     12.00     26.00      -.20
      5.40      8.90       .10
