   29   23
   3.17609   3.39794   3.47712   3.60206   3.69897   3.77815   3.84510   3.90309
   3.95424   4.00000   4.07918   4.17609   4.30103   4.47712   4.69897   4.84510
   5.00000   5.30103   5.69897   6.00000   6.30103   6.69897   7.00000   7.30103
   7.69897   8.00000   8.30103   8.69897   9.00000
 -12.00000 -11.00000 -10.00000  -9.00000  -8.00000  -7.00000  -6.00000  -5.00000
  -4.00000  -3.00000  -2.00000  -1.00000   0.        1.00000   2.00000   3.00000
   4.00000   5.00000   6.00000   7.00000   8.00000   9.00000  10.00000
 -6.5361 -6.6216 -6.5670 -6.4401 -6.2899 -6.1261 -5.9547 -5.7852 -8.0000 -8.0000
 -8.0000 -8.0000 -8.0000 -8.0000 -8.0000 -8.0000 -8.0000 -8.0000 -8.0000 -8.0000
 -8.0000 -8.0000 -8.0000
 -5.3125 -5.2765 -5.1494 -5.0177 -4.8508 -4.5171 -4.0980 -3.7235 -8.0000 -8.0000
 -8.0000 -8.0000 -8.0000 -8.0000 -8.0000 -8.0000 -8.0000 -8.0000 -8.0000 -8.0000
 -8.0000 -8.0000 -8.0000
 -5.0996 -5.0311 -4.8761 -4.6440 -4.2741 -3.7696 -3.2628 -2.7352 -8.0000 -8.0000
 -8.0000 -8.0000 -8.0000 -8.0000 -8.0000 -8.0000 -8.0000 -8.0000 -8.0000 -8.0000
 -8.0000 -8.0000 -8.0000
 -3.9914 -4.1979 -4.1624 -3.8069 -3.1918 -2.5031 -1.9318 -1.5421 -8.0000 -8.0000
 -8.0000 -8.0000 -8.0000 -8.0000 -8.0000 -8.0000 -8.0000 -8.0000 -8.0000 -8.0000
 -8.0000 -8.0000 -8.0000
 -2.5591 -2.8477 -2.7959 -2.4283 -1.9788 -1.4921 -0.9788 -0.4989 -8.0000 -8.0000
 -8.0000 -8.0000 -8.0000 -8.0000 -8.0000 -8.0000 -8.0000 -8.0000 -8.0000 -8.0000
 -8.0000 -8.0000 -8.0000
 -1.3841 -1.7011 -1.8447 -1.4962 -1.0343 -0.5376 -0.0386  0.4518 -8.0000 -8.0000
 -8.0000 -8.0000 -8.0000 -8.0000 -8.0000 -8.0000 -8.0000 -8.0000 -8.0000 -8.0000
 -8.0000 -8.0000 -8.0000
 -8.0000 -0.6882 -0.6990 -0.4895 -0.1524  0.2405  0.6812  1.1461  1.5944 -8.0000
 -8.0000 -8.0000 -8.0000 -8.0000 -8.0000 -8.0000 -8.0000 -8.0000 -8.0000 -8.0000
 -8.0000 -8.0000 -8.0000
 -8.0000 -0.0141  0.1399  0.3118  0.5599  0.8791  1.2504  1.6866  2.1303 -8.0000
 -8.0000 -8.0000 -8.0000 -8.0000 -8.0000 -8.0000 -8.0000 -8.0000 -8.0000 -8.0000
 -8.0000 -8.0000 -8.0000
 -8.0000  0.1818  0.6803  0.9791  1.1959  1.4502  1.7582  2.1303  2.5599 -8.0000
 -8.0000 -8.0000 -8.0000 -8.0000 -8.0000 -8.0000 -8.0000 -8.0000 -8.0000 -8.0000
 -8.0000 -8.0000 -8.0000
 -8.0000 -8.0000  0.8357  1.4099  1.7168  1.9455  2.1959  2.5105  2.8927  3.2878
 -8.0000 -8.0000 -8.0000 -8.0000 -8.0000 -8.0000 -8.0000 -8.0000 -8.0000 -8.0000
 -8.0000 -8.0000 -8.0000
 -8.0000 -8.0000  0.5999  1.5092  2.2430  2.6628  2.8949  3.1239  3.4150  3.8267
 -8.0000 -8.0000 -8.0000 -8.0000 -8.0000 -8.0000 -8.0000 -8.0000 -8.0000 -8.0000
 -8.0000 -8.0000 -8.0000
 -8.0000 -8.0000  0.2175  1.0792  2.1004  2.9619  3.4786  3.7846  4.0492  4.3464
 -8.0000 -8.0000 -8.0000 -8.0000 -8.0000 -8.0000 -8.0000 -8.0000 -8.0000 -8.0000
 -8.0000 -8.0000 -8.0000
 -8.0000 -8.0000 -0.0773  0.5515  1.5453  2.6474  3.6325  4.3096  4.7059  5.0531
 -8.0000 -8.0000 -8.0000 -8.0000 -8.0000 -8.0000 -8.0000 -8.0000 -8.0000 -8.0000
 -8.0000 -8.0000 -8.0000
 -8.0000 -8.0000 -0.1675  0.2148  1.0334  2.1072  3.2380  4.3181  5.1523  5.4564
 -8.0000 -8.0000 -8.0000 -8.0000 -8.0000 -8.0000 -8.0000 -8.0000 -8.0000 -8.0000
 -8.0000 -8.0000 -8.0000
 -8.0000 -8.0000 -8.0000 -0.0926  0.5428  1.4857  2.5011  3.4829  4.3820  4.9469
  4.5237 -8.0000 -8.0000 -8.0000 -8.0000 -8.0000 -8.0000 -8.0000 -8.0000 -8.0000
 -8.0000 -8.0000 -8.0000
 -8.0000 -8.0000 -8.0000 -0.3019  0.0414  0.7709  1.7177  2.6684  3.5211  4.2648
  4.1072 -8.0000 -8.0000 -8.0000 -8.0000 -8.0000 -8.0000 -8.0000 -8.0000 -8.0000
 -8.0000 -8.0000 -8.0000
 -8.0000 -8.0000 -8.0000 -8.0000 -0.2541  0.1399  0.9133  1.8774  2.7332  3.4728
  4.1139  4.3181 -8.0000 -8.0000 -8.0000 -8.0000 -8.0000 -8.0000 -8.0000 -8.0000
 -8.0000 -8.0000 -8.0000
 -8.0000 -8.0000 -8.0000 -8.0000 -0.5582 -0.3325 -0.1068  0.5079  1.4200  2.1553
  2.8248  3.2788 -8.0000 -8.0000 -8.0000 -8.0000 -8.0000 -8.0000 -8.0000 -8.0000
 -8.0000 -8.0000 -8.0000
 -8.0000 -8.0000 -8.0000 -8.0000 -8.0000 -0.4564 -0.3809 -0.3054 -0.0070  0.6484
  1.3617  2.0414  2.7952 -8.0000 -8.0000 -8.0000 -8.0000 -8.0000 -8.0000 -8.0000
 -8.0000 -8.0000 -8.0000
 -8.0000 -8.0000 -8.0000 -8.0000 -8.0000 -8.0000 -0.3990 -0.3862 -0.3242 -0.0731
  0.5276  1.1818  1.8420  2.6053  3.4739  3.8309  4.1485 -8.0000 -8.0000 -8.0000
 -8.0000 -8.0000 -8.0000
 -8.0000 -8.0000 -8.0000 -8.0000 -8.0000 -8.0000 -8.0000 -0.4001 -0.3915 -0.3391
 -0.1090  0.4116  0.9489  1.5966  2.3404  3.1057  3.3964 -8.0000 -8.0000 -8.0000
 -8.0000 -8.0000 -8.0000
 -8.0000 -8.0000 -8.0000 -8.0000 -8.0000 -8.0000 -8.0000 -8.0000 -0.4045 -0.4023
 -0.3840 -0.3036 -0.0600  0.3962  1.1004  1.7388  2.4218  2.7395 -8.0000 -8.0000
 -8.0000 -8.0000 -8.0000
 -8.0000 -8.0000 -8.0000 -8.0000 -8.0000 -8.0000 -8.0000 -8.0000 -8.0000 -0.4089
 -0.4067 -0.3947 -0.3354 -0.1463  0.2695  0.9138  1.6284  2.0022 -8.0000 -8.0000
 -8.0000 -8.0000 -8.0000
 -8.0000 -8.0000 -8.0000 -8.0000 -8.0000 -8.0000 -8.0000 -8.0000 -8.0000 -8.0000
 -0.4191 -0.4179 -0.4078 -0.3605 -0.2027  0.1818  0.6839  1.6749  1.6098 -8.0000
 -8.0000 -8.0000 -8.0000
 -8.0000 -8.0000 -8.0000 -8.0000 -8.0000 -8.0000 -8.0000 -8.0000 -8.0000 -8.0000
 -8.0000 -0.4473 -0.4461 -0.4425 -0.4202 -0.3307 -0.0721  0.3385  1.5198 -8.0000
 -8.0000 -8.0000 -8.0000
 -8.0000 -8.0000 -8.0000 -8.0000 -8.0000 -8.0000 -8.0000 -8.0000 -8.0000 -8.0000
 -8.0000 -8.0000 -0.4895 -0.4881 -0.4841 -0.4609 -0.3686 -0.1656  0.3655  2.0294
 -8.0000 -8.0000 -8.0000
 -8.0000 -8.0000 -8.0000 -8.0000 -8.0000 -8.0000 -8.0000 -8.0000 -8.0000 -8.0000
 -8.0000 -8.0000 -8.0000 -0.5622 -0.5622 -0.5622 -0.5607 -0.5607 -0.5406 -0.1746
  2.8082 -8.0000 -8.0000
 -8.0000 -8.0000 -8.0000 -8.0000 -8.0000 -8.0000 -8.0000 -8.0000 -8.0000 -8.0000
 -8.0000 -8.0000 -8.0000 -8.0000 -0.7144 -0.7144 -0.7144 -0.7144 -0.7122 -0.6840
 -0.1261  4.1038 -8.0000
 -8.0000 -8.0000 -8.0000 -8.0000 -8.0000 -8.0000 -8.0000 -8.0000 -8.0000 -8.0000
 -8.0000 -8.0000 -8.0000 -8.0000 -8.0000 -0.8761 -0.8761 -0.8761 -0.8761 -0.8729
 -0.7799  0.6096 38.2304
 -6.7190 -6.8297 -6.8153 -6.7144 -6.5935 -6.4724 -6.3605 -6.2652 -8.0000 -8.0000
 -8.0000 -8.0000 -8.0000 -8.0000 -8.0000 -8.0000 -8.0000 -8.0000 -8.0000 -8.0000
 -8.0000 -8.0000 -8.0000
 -5.9747 -5.9830 -5.9706 -5.9318 -5.8665 -5.6180 -5.1331 -4.6021 -8.0000 -8.0000
 -8.0000 -8.0000 -8.0000 -8.0000 -8.0000 -8.0000 -8.0000 -8.0000 -8.0000 -8.0000
 -8.0000 -8.0000 -8.0000
 -5.8069 -5.8356 -5.8539 -5.8210 -5.7282 -5.4248 -4.8153 -4.0182 -8.0000 -8.0000
 -8.0000 -8.0000 -8.0000 -8.0000 -8.0000 -8.0000 -8.0000 -8.0000 -8.0000 -8.0000
 -8.0000 -8.0000 -8.0000
 -5.2226 -5.4271 -5.5528 -5.4921 -5.1918 -4.6737 -4.0778 -3.4522 -8.0000 -8.0000
 -8.0000 -8.0000 -8.0000 -8.0000 -8.0000 -8.0000 -8.0000 -8.0000 -8.0000 -8.0000
 -8.0000 -8.0000 -8.0000
 -4.7282 -4.8761 -4.9508 -5.0000 -4.8729 -4.4078 -3.5884 -2.7496 -8.0000 -8.0000
 -8.0000 -8.0000 -8.0000 -8.0000 -8.0000 -8.0000 -8.0000 -8.0000 -8.0000 -8.0000
 -8.0000 -8.0000 -8.0000
 -4.4672 -4.4921 -5.8096 -5.9051 -5.8276 -5.6824 -5.5137 -2.5302 -8.0000 -8.0000
 -8.0000 -8.0000 -8.0000 -8.0000 -8.0000 -8.0000 -8.0000 -8.0000 -8.0000 -8.0000
 -8.0000 -8.0000 -8.0000
 -8.0000 -4.3188 -4.9393 -5.1469 -5.1389 -4.9879 -4.7799 -2.1785 -1.4609 -8.0000
 -8.0000 -8.0000 -8.0000 -8.0000 -8.0000 -8.0000 -8.0000 -8.0000 -8.0000 -8.0000
 -8.0000 -8.0000 -8.0000
 -3.2664 -3.9135 -4.1405 -4.4298 -4.5096 -4.3739 -4.1312 -1.8697 -1.1630 -8.0000
 -8.0000 -8.0000 -8.0000 -8.0000 -8.0000 -8.0000 -8.0000 -8.0000 -8.0000 -8.0000
 -8.0000 -8.0000 -8.0000
 -2.4542 -2.9463 -3.3713 -3.7209 -3.8773 -3.7743 -3.5219 -1.6326 -0.9031 -8.0000
 -8.0000 -8.0000 -8.0000 -8.0000 -8.0000 -8.0000 -8.0000 -8.0000 -8.0000 -8.0000
 -8.0000 -8.0000 -8.0000
 -1.8030 -2.2500 -2.6690 -3.0020 -3.1650 -3.1030 -2.8940 -2.6070 -0.6882  0.0294
 -8.0000 -8.0000 -8.0000 -8.0000 -8.0000 -8.0000 -8.0000 -8.0000 -8.0000 -8.0000
 -8.0000 -8.0000 -8.0000
 -1.0694 -1.2485 -1.4847 -1.6673 -1.7532 -1.7398 -1.6395 -1.4703  0.0294  0.3997
 -8.0000 -8.0000 -8.0000 -8.0000 -8.0000 -8.0000 -8.0000 -8.0000 -8.0000 -8.0000
 -8.0000 -8.0000 -8.0000
 -0.9935 -0.9405 -0.7357 -0.4651 -0.2969 -0.2169 -0.1611 -0.0891  1.0645  1.3711
 -8.0000 -8.0000 -8.0000 -8.0000 -8.0000 -8.0000 -8.0000 -8.0000 -8.0000 -8.0000
 -8.0000 -8.0000 -8.0000
 -1.0025 -0.9865 -0.8803 -0.4948  0.2055  0.8502  1.1738  1.2756  2.2765  2.5250
 -8.0000 -8.0000 -8.0000 -8.0000 -8.0000 -8.0000 -8.0000 -8.0000 -8.0000 -8.0000
 -8.0000 -8.0000 -8.0000
 -0.6992 -0.7226 -0.7194 -0.6210 -0.2522  0.4640  1.3732  2.2145  2.8083  3.6618
 -8.0000 -8.0000 -8.0000 -8.0000 -8.0000 -8.0000 -8.0000 -8.0000 -8.0000 -8.0000
 -8.0000 -8.0000 -8.0000
 -8.0000 -0.6928 -0.6593 -0.4493  0.2048  1.1741  1.8804  2.3812  3.0956  3.8709
  4.7042 -8.0000 -8.0000 -8.0000 -8.0000 -8.0000 -8.0000 -8.0000 -8.0000 -8.0000
 -8.0000 -8.0000 -8.0000
 -8.0000 -0.6900 -0.6723 -0.6067 -0.3269  0.3585  1.4165  2.5743  3.4262  4.0700
  4.8426 -8.0000 -8.0000 -8.0000 -8.0000 -8.0000 -8.0000 -8.0000 -8.0000 -8.0000
 -8.0000 -8.0000 -8.0000
 -8.0000 -0.6962 -0.6834 -0.6203 -0.4713 -0.0499  0.8017  1.8880  3.0465  4.0651
  4.7533  5.2122 -8.0000 -8.0000 -8.0000 -8.0000 -8.0000 -8.0000 -8.0000 -8.0000
 -8.0000 -8.0000 -8.0000
 -8.0000 -8.0000 -0.6981 -0.6948 -0.6566 -0.4453  0.1280  1.0305  2.0366  3.0155
  3.8151  4.2856 -8.0000 -8.0000 -8.0000 -8.0000 -8.0000 -8.0000 -8.0000 -8.0000
 -8.0000 -8.0000 -8.0000
 -8.0000 -8.0000 -8.0000 -8.0000 -0.6984 -0.6939 -0.6557 -0.4899 -0.0596  0.6818
  1.5810  2.4404  3.1048 -8.0000 -8.0000 -8.0000 -8.0000 -8.0000 -8.0000 -8.0000
 -8.0000 -8.0000 -8.0000
 -8.0000 -8.0000 -8.0000 -8.0000 -0.6991 -0.6992 -0.6972 -0.6801 -0.5970 -0.3293
  0.2372  1.0505  1.8935  2.5159  3.3499  3.7805  4.0524 -8.0000 -8.0000 -8.0000
 -8.0000 -8.0000 -8.0000
 -8.0000 -8.0000 -8.0000 -8.0000 -8.0000 -0.7000 -0.7001 -0.6990 -0.6898 -0.6397
 -0.4565 -0.0149  0.7077  1.4780  2.2923  3.0361  3.2978 -8.0000 -8.0000 -8.0000
 -8.0000 -8.0000 -8.0000
 -8.0000 -8.0000 -8.0000 -8.0000 -8.0000 -8.0000 -8.0000 -0.7030 -0.7030 -0.7008
 -0.6833 -0.5996 -0.3407  0.1698  0.9330  1.6907  2.3499  2.6410 -8.0000 -8.0000
 -8.0000 -8.0000 -8.0000
 -8.0000 -8.0000 -8.0000 -8.0000 -8.0000 -8.0000 -8.0000 -0.7080 -0.7080 -0.7081
 -0.7071 -0.6933 -0.6273 -0.4220  0.0445  0.7567  1.3672  1.9018 -8.0000 -8.0000
 -8.0000 -8.0000 -8.0000
 -8.0000 -8.0000 -8.0000 -8.0000 -8.0000 -8.0000 -8.0000 -8.0000 -0.7180 -0.7180
 -0.7181 -0.7168 -0.7059 -0.6529 -0.4834 -0.0667  0.5441  1.2330  1.5020 -8.0000
 -8.0000 -8.0000 -8.0000
 -8.0000 -8.0000 -8.0000 -8.0000 -8.0000 -8.0000 -8.0000 -8.0000 -8.0000 -8.0000
 -0.7459 -0.7459 -0.7460 -0.7420 -0.7225 -0.6250 -0.3869  0.0294  1.0170 -8.0000
 -8.0000 -8.0000 -8.0000
 -8.0000 -8.0000 -8.0000 -8.0000 -8.0000 -8.0000 -8.0000 -8.0000 -8.0000 -8.0000
 -0.7880 -0.7880 -0.7880 -0.7880 -0.7860 -0.7690 -0.7160 -0.5660 -0.0123  1.3263
 -8.0000 -8.0000 -8.0000
 -8.0000 -8.0000 -8.0000 -8.0000 -8.0000 -8.0000 -8.0000 -8.0000 -8.0000 -8.0000
 -8.0000 -0.8613 -0.8613 -0.8615 -0.8616 -0.8617 -0.8563 -0.8609 -0.6038  0.0000
  1.8136 -8.0000 -8.0000
 -8.0000 -8.0000 -8.0000 -8.0000 -8.0000 -8.0000 -8.0000 -8.0000 -8.0000 -8.0000
 -8.0000 -8.0000 -8.0000 -1.0043 -1.0172 -1.0173 -1.0172 -1.0295 -1.1043 -0.8601
 -0.1669  2.1430 -8.0000
 -8.0000 -8.0000 -8.0000 -8.0000 -8.0000 -8.0000 -8.0000 -8.0000 -8.0000 -8.0000
 -8.0000 -8.0000 -8.0000 -8.0000 -8.0000 -1.1746 -1.1746 -1.1746 -1.1746 -1.1739
 -1.1409 -0.4413  4.5237
 -6.5686 -6.7570 -6.9318 -7.0487 -6.9914 -6.7959 -6.5591 -6.3080 -8.0000 -8.0000
 -8.0000 -8.0000 -8.0000 -8.0000 -8.0000 -8.0000 -8.0000 -8.0000 -8.0000 -8.0000
 -8.0000 -8.0000 -8.0000
 -5.5591 -5.6038 -5.6421 -5.6073 -5.4672 -5.1040 -4.5302 -3.9706 -8.0000 -8.0000
 -8.0000 -8.0000 -8.0000 -8.0000 -8.0000 -8.0000 -8.0000 -8.0000 -8.0000 -8.0000
 -8.0000 -8.0000 -8.0000
 -5.2233 -5.3516 -5.3799 -5.3645 -5.2321 -4.8447 -4.1415 -3.3242 -8.0000 -8.0000
 -8.0000 -8.0000 -8.0000 -8.0000 -8.0000 -8.0000 -8.0000 -8.0000 -8.0000 -8.0000
 -8.0000 -8.0000 -8.0000
 -3.4012 -3.8239 -4.1871 -4.3279 -4.0516 -3.5817 -3.0575 -2.5017 -8.0000 -8.0000
 -8.0000 -8.0000 -8.0000 -8.0000 -8.0000 -8.0000 -8.0000 -8.0000 -8.0000 -8.0000
 -8.0000 -8.0000 -8.0000
 -1.9957 -2.3675 -2.6819 -2.7496 -2.6478 -2.1630 -1.6596 -1.1518 -8.0000 -8.0000
 -8.0000 -8.0000 -8.0000 -8.0000 -8.0000 -8.0000 -8.0000 -8.0000 -8.0000 -8.0000
 -8.0000 -8.0000 -8.0000
 -1.4377 -1.3958 -1.4313 -1.4315 -1.4218 -1.3886 -1.3269 -0.0511 -8.0000 -8.0000
 -8.0000 -8.0000 -8.0000 -8.0000 -8.0000 -8.0000 -8.0000 -8.0000 -8.0000 -8.0000
 -8.0000 -8.0000 -8.0000
 -8.0000 -1.2211 -0.8876 -0.5380 -0.3896 -0.3127 -0.2269  0.7980  1.2279 -8.0000
 -8.0000 -8.0000 -8.0000 -8.0000 -8.0000 -8.0000 -8.0000 -8.0000 -8.0000 -8.0000
 -8.0000 -8.0000 -8.0000
 -1.4960 -1.3573 -0.9278 -0.2301  0.2280  0.4199  0.5127  1.4683  1.8739 -8.0000
 -8.0000 -8.0000 -8.0000 -8.0000 -8.0000 -8.0000 -8.0000 -8.0000 -8.0000 -8.0000
 -8.0000 -8.0000 -8.0000
 -1.4499 -1.3869 -1.0593 -0.3110  0.4669  0.9042  1.0915  2.0294  2.4048 -8.0000
 -8.0000 -8.0000 -8.0000 -8.0000 -8.0000 -8.0000 -8.0000 -8.0000 -8.0000 -8.0000
 -8.0000 -8.0000 -8.0000
 -1.4370 -1.3950 -1.1470 -0.4620  0.4400  1.1520  1.5040  1.6640  2.8312  3.2201
 -8.0000 -8.0000 -8.0000 -8.0000 -8.0000 -8.0000 -8.0000 -8.0000 -8.0000 -8.0000
 -8.0000 -8.0000 -8.0000
 -1.2255 -1.2706 -1.1680 -0.6664  0.2064  1.1704  1.9270  2.3310  3.3222  3.8261
 -8.0000 -8.0000 -8.0000 -8.0000 -8.0000 -8.0000 -8.0000 -8.0000 -8.0000 -8.0000
 -8.0000 -8.0000 -8.0000
 -1.0960 -0.9588 -0.6735 -0.3264  0.1907  1.0045  1.9674  2.7793  3.8142  4.2068
 -8.0000 -8.0000 -8.0000 -8.0000 -8.0000 -8.0000 -8.0000 -8.0000 -8.0000 -8.0000
 -8.0000 -8.0000 -8.0000
 -0.9551 -0.9428 -0.6845 -0.0019  0.8537  1.4839  2.0806  2.9069  4.0934  4.8457
 -8.0000 -8.0000 -8.0000 -8.0000 -8.0000 -8.0000 -8.0000 -8.0000 -8.0000 -8.0000
 -8.0000 -8.0000 -8.0000
 -0.8799 -0.8283 -0.5704 -0.0380  0.6296  1.4264  2.4608  3.3722  4.0852  4.8865
 -8.0000 -8.0000 -8.0000 -8.0000 -8.0000 -8.0000 -8.0000 -8.0000 -8.0000 -8.0000
 -8.0000 -8.0000 -8.0000
 -8.0000 -0.8565 -0.7483 -0.3246  0.4652  1.3653  2.3301  3.2324  4.1361  4.9490
  4.9533 -8.0000 -8.0000 -8.0000 -8.0000 -8.0000 -8.0000 -8.0000 -8.0000 -8.0000
 -8.0000 -8.0000 -8.0000
 -8.0000 -0.8675 -0.8326 -0.6551 -0.0675  0.9287  2.0256  3.0089  3.9592  4.7709
  5.0043 -8.0000 -8.0000 -8.0000 -8.0000 -8.0000 -8.0000 -8.0000 -8.0000 -8.0000
 -8.0000 -8.0000 -8.0000
 -8.0000 -0.8657 -0.8580 -0.7683 -0.4725  0.2459  1.3042  2.4847  3.6139  4.4524
  4.8482 -8.0000 -8.0000 -8.0000 -8.0000 -8.0000 -8.0000 -8.0000 -8.0000 -8.0000
 -8.0000 -8.0000 -8.0000
 -8.0000 -8.0000 -0.7991 -0.8283 -0.8082 -0.5512  0.1219  1.0674  2.0568  2.9731
  3.6484  4.1667 -8.0000 -8.0000 -8.0000 -8.0000 -8.0000 -8.0000 -8.0000 -8.0000
 -8.0000 -8.0000 -8.0000
 -8.0000 -8.0000 -8.0000 -8.0000 -0.6912 -0.6632 -0.4627  0.0598  0.7486  1.5066
  2.2272  2.9028  3.5401 -8.0000 -8.0000 -8.0000 -8.0000 -8.0000 -8.0000 -8.0000
 -8.0000 -8.0000 -8.0000
 -8.0000 -8.0000 -8.0000 -8.0000 -0.6971 -0.6903 -0.6188 -0.4433  0.0003  0.9805
  2.0774  2.9544  3.5654  3.8864  4.2079  4.5937  4.8512 -8.0000 -8.0000 -8.0000
 -8.0000 -8.0000 -8.0000
 -8.0000 -8.0000 -8.0000 -8.0000 -8.0000 -0.7004 -0.7033 -0.6696 -0.4759  0.0570
  0.9102  1.8392  2.6042  3.0734  2.7356  3.5856  3.7894 -8.0000 -8.0000 -8.0000
 -8.0000 -8.0000 -8.0000
 -8.0000 -8.0000 -8.0000 -8.0000 -8.0000 -8.0000 -8.0000 -0.7029 -0.7030 -0.6674
 -0.5268 -0.1475  0.5222  1.3077  1.9418  2.3730  2.8596  3.1279 -8.0000 -8.0000
 -8.0000 -8.0000 -8.0000
 -8.0000 -8.0000 -8.0000 -8.0000 -8.0000 -8.0000 -8.0000 -0.7080 -0.7080 -0.7073
 -0.6924 -0.6201 -0.3817  0.1265  0.8131  1.4246  1.9230  2.3861 -8.0000 -8.0000
 -8.0000 -8.0000 -8.0000
 -8.0000 -8.0000 -8.0000 -8.0000 -8.0000 -8.0000 -8.0000 -8.0000 -0.7180 -0.7181
 -0.7169 -0.7094 -0.6652 -0.4997 -0.1041  0.4610  1.1644  1.6493  1.9857 -8.0000
 -8.0000 -8.0000 -8.0000
 -8.0000 -8.0000 -8.0000 -8.0000 -8.0000 -8.0000 -8.0000 -8.0000 -8.0000 -8.0000
 -0.7459 -0.7450 -0.7444 -0.7285 -0.6533 -0.4437  0.0069  0.5647  1.2765 -8.0000
 -8.0000 -8.0000 -8.0000
 -8.0000 -8.0000 -8.0000 -8.0000 -8.0000 -8.0000 -8.0000 -8.0000 -8.0000 -8.0000
 -0.7880 -0.7880 -0.7880 -0.7870 -0.7760 -0.7260 -0.5520 -0.2080  0.3096  1.6503
 -8.0000 -8.0000 -8.0000
 -8.0000 -8.0000 -8.0000 -8.0000 -8.0000 -8.0000 -8.0000 -8.0000 -8.0000 -8.0000
 -8.0000 -0.8613 -0.8613 -0.8613 -0.8602 -0.8547 -0.8202 -0.6983 -0.3363  0.3075
  2.1931 -8.0000 -8.0000
 -8.0000 -8.0000 -8.0000 -8.0000 -8.0000 -8.0000 -8.0000 -8.0000 -8.0000 -8.0000
 -8.0000 -8.0000 -8.0000 -1.0043 -1.0161 -1.0148 -1.0192 -1.0054 -0.9869 -0.7122
  0.1430  2.4425 -8.0000
 -8.0000 -8.0000 -8.0000 -8.0000 -8.0000 -8.0000 -8.0000 -8.0000 -8.0000 -8.0000
 -8.0000 -8.0000 -8.0000 -8.0000 -8.0000 -1.1746 -1.1746 -1.1701 -1.1457 -1.0820
 -0.7932  0.2355  4.7275
