modelt1
modelt6
modelt9
model.out
model.log
modelt40
modelt50
3 .15 3 1 1
2. 1.
0.e-04 0.e-02 5 -1.25  3. -3.
  -1  -1   1  100   20   1   1   3  -1 100   1  1 
0. 1.
1. 1.
  0.32997604e 02         0.7d 01   0.100 0.00718     0.0     0.2   0 0.00 
    2.0 21.145   -0.1  0.001  0.05   0.2      3.0 
14.000 13.091055 0.2003982E+07-0.223E-01 0.70 0.10E-03 0.10E-02   4 0.788630
-0.10000000E+01 8.416150-0.37215289E-05 9.118502-0.28704965E-04-0.77315773E+50
    2.445    0.000 13.011677
        -1        -1         1         0
  9.178021  1.577166
0.1802439D+020.7549394D+010.1802609D+020.7553766D+010.1800098D+020.7544015D+01
0.1575000D+010.9118657D+010.1600000D+010.9118128D+010.1575000D+010.9124560D+01
0.1575000D+010.9178000D+010.1600000D+010.9178000D+010.1575000D+010.9184000D+01
       166
  -0.46854203E+01    7.422355   -0.000135   21.701713    7.819656    1.000000    0.000000
  -0.45854203E+01    7.455691   -0.000171   21.701607    7.819698    1.000000    0.000000
  -0.44854203E+01    7.489032   -0.000215   21.701483    7.819746    1.000000    0.000000
  -0.43854203E+01    7.522377   -0.000271   21.701338    7.819803    1.000000    0.000000
  -0.42854203E+01    7.555728   -0.000342   21.701169    7.819869    1.000000    0.000000
  -0.41854203E+01    7.589083   -0.000431   21.700972    7.819946    1.000000    0.000000
  -0.40854203E+01    7.622443   -0.000543   21.700743    7.820036    1.000000    0.000000
  -0.39854203E+01    7.655810   -0.000684   21.700475    7.820141    1.000000    0.000000
  -0.38854203E+01    7.689183   -0.000862   21.700164    7.820264    1.000000    0.000000
  -0.37854203E+01    7.722564   -0.001086   21.699800    7.820407    1.000000    0.000000
  -0.36854203E+01    7.755953   -0.001370   21.699375    7.820574    1.000000    0.000000
  -0.35854203E+01    7.789352   -0.001730   21.698879    7.820770    1.000000    0.000000
  -0.34854203E+01    7.822763   -0.002184   21.698300    7.820999    1.000000    0.000000
  -0.33854203E+01    7.856187   -0.002757   21.697626    7.821266    1.000000    0.000000
  -0.32854203E+01    7.889626   -0.003481   21.696839    7.821578    1.000000    0.000000
  -0.31854203E+01    7.923083   -0.004398   21.695921    7.821943    1.000000    0.000000
  -0.30854203E+01    7.956560   -0.005559   21.694850    7.822369    1.000000    0.000000
  -0.29854203E+01    7.990062   -0.007030   21.693601    7.822869    1.000000    0.000000
  -0.28854203E+01    8.023592   -0.008896   21.692144    7.823454    1.000000    0.000000
  -0.27854203E+01    8.057156   -0.011283   21.690435    7.824142    1.000000    0.000000
  -0.26854203E+01    8.090759   -0.014323   21.688440    7.824950    1.000000    0.000000
  -0.25854203E+01    8.124407   -0.018199   21.686109    7.825900    1.000000    0.000000
  -0.24854203E+01    8.158108   -0.023151   21.683385    7.827016    1.000000    0.000000
  -0.23854203E+01    8.191872   -0.029493   21.680200    7.828331    1.000000    0.000000
  -0.22854203E+01    8.225708   -0.037636   21.676475    7.829882    1.000000    0.000000
  -0.21854203E+01    8.259630   -0.048070   21.672116    7.831712    1.000000    0.000000
  -0.20854203E+01    8.293653   -0.061426   21.667011    7.833874    1.000000    0.000000
  -0.19854203E+01    8.327794   -0.078563   21.661028    7.836430    1.000000    0.000000
  -0.18854203E+01    8.362078   -0.100750   21.653977    7.839467    1.000000    0.000000
  -0.17854203E+01    8.396530   -0.129340   21.645690    7.843062    1.000000    0.000000
  -0.16854203E+01    8.431178   -0.166310   21.635937    7.847324    1.000000    0.000000
  -0.15854203E+01    8.466061   -0.214320   21.624441    7.852381    1.000000    0.000000
  -0.14854203E+01    8.501224   -0.277100   21.610864    7.858393    1.000000    0.000000
  -0.13854203E+01    8.536723   -0.359810   21.594789    7.865560    1.000000    0.000000
  -0.12854203E+01    8.572627   -0.469450   21.575704    7.874128    1.000000    0.000000
  -0.11854203E+01    8.609015   -0.614990   21.552964    7.884396    1.000000    0.000000
  -0.10854203E+01    8.645989   -0.805810   21.525752    7.896685    1.000000    0.000000
  -0.98542030E+00    8.683686   -1.047400   21.492893    7.911311    1.000000    0.000000
  -0.95305990E+00    8.696058   -1.135900   21.480886    7.916551    1.000000    0.000000
  -0.92294444E+00    8.707658   -1.222000   21.469011    7.921651    1.000000    0.000000
  -0.89478256E+00    8.718587   -1.304900   21.457251    7.926609    1.000000    0.000000
  -0.86833616E+00    8.728926   -1.384100   21.445587    7.931421    1.000000    0.000000
  -0.84340819E+00    8.738744   -1.458700   21.434005    7.936087    1.000000    0.000000
  -0.81983372E+00    8.748099   -1.528500   21.422490    7.940602    1.000000    0.000000
  -0.79747331E+00    8.757039   -1.593800   21.411020    7.944970    1.000000    0.000000
  -0.77620800E+00    8.765607   -1.655100   21.399598    7.949189    1.000000    0.000000
  -0.75593553E+00    8.773836   -1.712300   21.388216    7.953262    1.000000    0.000000
  -0.73656731E+00    8.781760   -1.765300   21.376865    7.957193    1.000000    0.000000
  -0.71802610E+00    8.789404   -1.814300   21.365537    7.960984    1.000000    0.000000
  -0.70024417E+00    8.796792   -1.859400   21.354226    7.964640    1.000000    0.000000
  -0.68316175E+00    8.803946   -1.900500   21.342925    7.968163    1.000000    0.000000
  -0.66672590E+00    8.810883   -1.938000   21.331628    7.971558    1.000000    0.000000
  -0.65088945E+00    8.817622   -1.971600   21.320327    7.974827    1.000000    0.000000
  -0.63561021E+00    8.824177   -2.002000   21.309012    7.977976    1.000000    0.000000
  -0.62085030E+00    8.830561   -2.029700   21.297686    7.981009    1.000000    0.000000
  -0.60657558E+00    8.836787   -2.054800   21.286346    7.983933    1.000000    0.000000
  -0.59275515E+00    8.842864   -2.077100   21.274986    7.986752    1.000000    0.000000
  -0.57936100E+00    8.848803   -2.096300   21.263603    7.989470    1.000000    0.000000
  -0.56636762E+00    8.854612   -2.112400   21.252191    7.992092    1.000000    0.000000
  -0.55375170E+00    8.860300   -2.125100   21.240749    7.994620    1.000000    0.000000
  -0.54149195E+00    8.865874   -2.134200   21.229271    7.997057    1.000000    0.000000
  -0.52956880E+00    8.871342   -2.138900   21.217750    7.999402    1.000000    0.000000
  -0.51796426E+00    8.876709   -2.138500   21.206181    8.001657    1.000000    0.000000
  -0.50666175E+00    8.881981   -2.132600   21.194566    8.003822    1.000000    0.000000
  -0.49564593E+00    8.887163   -2.121100   21.182902    8.005897    1.000000    0.000000
  -0.48490264E+00    8.892261   -2.103800   21.171184    8.007882    1.000000    0.000000
  -0.47441870E+00    8.897278   -2.080400   21.159410    8.009777    1.000000    0.000000
  -0.46418189E+00    8.902220   -2.050700   21.147576    8.011582    1.000000    0.000000
  -0.45418083E+00    8.907090   -2.014500   21.135679    8.013297    1.000000    0.000000
  -0.44440491E+00    8.911893   -1.971600   21.123714    8.014922    1.000000    0.000000
  -0.43484420E+00    8.916633   -1.921700   21.111674    8.016455    1.000000    0.000000
  -0.42548944E+00    8.921313   -1.864500   21.099556    8.017898    1.000000    0.000000
  -0.41633194E+00    8.925935   -1.800000   21.087360    8.019250    1.000000    0.000000
  -0.40736355E+00    8.930503   -1.727900   21.075084    8.020510    1.000000    0.000000
  -0.39857662E+00    8.935020   -1.648200   21.062722    8.021680    1.000000    0.000000
  -0.38996396E+00    8.939488   -1.560500   21.050272    8.022759    1.000000    0.000000
  -0.38151878E+00    8.943911   -1.464800   21.037730    8.023747    1.000000    0.000000
  -0.37323470E+00    8.948290   -1.360800   21.025091    8.024643    1.000000    0.000000
  -0.36510568E+00    8.952627   -1.248500   21.012352    8.025447    1.000000    0.000000
  -0.35712602E+00    8.956927   -1.127300   20.999503    8.026158    1.000000    0.000000
  -0.34929035E+00    8.961190   -0.997330   20.986542    8.026777    1.000000    0.000000
  -0.34159354E+00    8.965419   -0.858470   20.973469    8.027303    1.000000    0.000000
  -0.33403077E+00    8.969616   -0.710630   20.960278    8.027737    1.000000    0.000000
  -0.32659744E+00    8.973781   -0.553690   20.946965    8.028078    1.000000    0.000000
  -0.31928921E+00    8.977918   -0.387550   20.933526    8.028326    1.000000    0.000000
  -0.31210192E+00    8.982028   -0.212120   20.919956    8.028481    1.000000    0.000000
  -0.30503165E+00    8.986113   -0.027344   20.906249    8.028542    1.000000    0.000000
  -0.29807464E+00    8.990175    0.166870   20.892401    8.028510    1.000000    0.000000
  -0.29122731E+00    8.994215    0.370870   20.878398    8.028382    1.000000    0.000000
  -0.28448628E+00    8.998236    0.584540   20.864239    8.028158    1.000000    0.000000
  -0.27784827E+00    9.002239    0.807820   20.849922    8.027840    1.000000    0.000000
  -0.27131021E+00    9.006224    1.040800   20.835439    8.027426    1.000000    0.000000
  -0.26486911E+00    9.010194    1.283400   20.820786    8.026916    1.000000    0.000000
  -0.25852214E+00    9.014151    1.535500   20.805954    8.026309    1.000000    0.000000
  -0.25226660E+00    9.018095    1.797200   20.790936    8.025605    1.000000    0.000000
  -0.24609989E+00    9.022028    2.068400   20.775726    8.024803    1.000000    0.000000
  -0.24001951E+00    9.025953    2.349000   20.760316    8.023903    1.000000    0.000000
  -0.23402309E+00    9.029870    2.639300   20.744688    8.022901    1.000000    0.000000
  -0.22810834E+00    9.033782    2.939100   20.728840    8.021797    1.000000    0.000000
  -0.22227306E+00    9.037689    3.248200   20.712766    8.020592    1.000000    0.000000
  -0.21651514E+00    9.041593    3.566500   20.696455    8.019285    1.000000    0.000000
  -0.21083257E+00    9.045495    3.893900   20.679899    8.017874    1.000000    0.000000
  -0.20522339E+00    9.049397    4.230300   20.663086    8.016358    1.000000    0.000000
  -0.19968573E+00    9.053301    4.575600   20.646004    8.014735    1.000000    0.000000
  -0.19421780E+00    9.057208    4.929600   20.628642    8.013004    1.000000    0.000000
  -0.18881786E+00    9.061119    5.292200   20.610988    8.011164    1.000000    0.000000
  -0.18348423E+00    9.065039    5.663600   20.593014    8.009209    1.000000    0.000000
  -0.17821531E+00    9.068967    6.043200   20.574716    8.007139    1.000000    0.000000
  -0.17300955E+00    9.072905    6.430900   20.556081    8.004954    1.000000    0.000000
  -0.16786545E+00    9.076856    6.826400   20.537092    8.002651    1.000000    0.000000
  -0.16278157E+00    9.080820    7.229300   20.517732    8.000227    1.000000    0.000000
  -0.15775652E+00    9.084800    7.640100   20.497980    7.997680    1.000000    0.000000
  -0.15278894E+00    9.088799    8.058100   20.477817    7.995007    1.000000    0.000000
  -0.14787754E+00    9.092818    8.482500   20.457221    7.992206    1.000000    0.000000
  -0.14302106E+00    9.096860    8.914100   20.436166    7.989272    1.000000    0.000000
  -0.13821829E+00    9.100929    9.352900   20.414610    7.986198    1.000000    0.000000
  -0.13346806E+00    9.105026    9.797500   20.392538    7.982984    1.000000    0.000000
  -0.12876921E+00    9.109154   10.248000   20.369923    7.979627    1.000000    0.000000
  -0.12412067E+00    9.113317   10.704000   20.346730    7.976119    1.000000    0.000000
  -0.11952135E+00    9.117516   11.167000   20.322922    7.972447    1.000000    0.000000
  -0.11497023E+00    9.121757   11.633000   20.298460    7.968594    1.000000    0.000000
  -0.11046631E+00    9.126043   12.104000   20.273298    7.964550    1.000000    0.000000
  -0.10600862E+00    9.130377   12.580000   20.247389    7.960304    1.000000    0.000000
  -0.10159622E+00    9.134764   13.059000   20.220677    7.955845    1.000000    0.000000
  -0.97228203E-01    9.139212   13.542000   20.193069    7.951151    1.000000    0.000000
  -0.92903678E-01    9.143725   14.028000   20.164527    7.946214    1.000000    0.000000
  -0.88621790E-01    9.148307   14.517000   20.134973    7.941017    1.000000    0.000000
  -0.84381708E-01    9.152965   15.007000   20.104322    7.935541    1.000000    0.000000
  -0.80182622E-01    9.157708   15.499000   20.072476    7.929765    1.000000    0.000000
  -0.76023747E-01    9.162543   15.991000   20.039323    7.923664    1.000000    0.000000
  -0.71904321E-01    9.167479   16.484000   20.004734    7.917210    1.000000    0.000000
  -0.67823602E-01    9.172528   16.976000   19.968562    7.910372    1.000000    0.000000
  -0.63780870E-01    9.177702   17.466000   19.930632    7.903112    1.000000    0.000000
  -0.59775424E-01    9.183020   17.955000   19.890674    7.895374    1.000000    0.000000
  -0.55806582E-01    9.188495   18.440000   19.848501    7.887114    1.000000    0.000000
  -0.51873682E-01    9.194147   18.921000   19.803821    7.878243    1.000000    0.000000
  -0.47976078E-01    9.199999   19.397000   19.756277    7.868651    1.000000    0.000000
  -0.44113142E-01    9.206081   19.868000   19.705432    7.858231    1.000000    0.000000
  -0.40284263E-01    9.212426   20.331000   19.650735    7.846849    1.000000    0.000000
  -0.36488847E-01    9.219079   20.787000   19.591485    7.834331    1.000000    0.000000
  -0.32726312E-01    9.226095   21.234000   19.526765    7.820456    1.000000    0.000000
  -0.28996094E-01    9.233549   21.671000   19.455327    7.804924    1.000000    0.000000
  -0.25297643E-01    9.241557   22.097000   19.375177    7.787265    1.000000    0.000000
  -0.21630423E-01    9.250249   22.510000   19.283949    7.766942    1.000000    0.000000
  -0.17993909E-01    9.259834   22.912000   19.177775    7.743116    1.000000    0.000000
  -0.14848555E-01    9.269165   23.251000   19.068315    7.718541    1.000000    0.000000
  -0.12223598E-01    9.277979   23.528000   18.958809    7.694192    1.000000    0.000000
  -0.10037724E-01    9.286321   23.753000   18.849212    7.670222    1.000000    0.000000
  -0.82215870E-02    9.294228   23.935000   18.739474    7.646347    1.000000    0.000000
  -0.67161391E-02    9.301730   24.080000   18.629542    7.622287    1.000000    0.000000
  -0.54712210E-02    9.308870   24.196000   18.519027    7.598021    1.000000    0.000000
  -0.44464464E-02    9.315653   24.287000   18.408162    7.573549    1.000000    0.000000
  -0.36062773E-02    9.322075   24.358000   18.297405    7.548739    1.000000    0.000000
  -0.29187642E-02    9.328155   24.413000   18.186697    7.523479    1.000000    0.000000
  -0.23572922E-02    9.333913   24.455000   18.075979    7.497836    1.000000    0.000000
  -0.18997064E-02    9.339364   24.489000   17.965192    7.471918    1.000000    0.000000
  -0.15275813E-02    9.344528   24.514000   17.854279    7.445887    1.000000    0.000000
  -0.12256130E-02    9.349421   24.534000   17.743178    7.419984    1.000000    0.000000
  -0.98111000E-03    9.354069   24.550000   17.631708    7.394525    1.000000    0.000000
  -0.78372530E-03    9.358502   24.562000   17.519436    7.369734    1.000000    0.000000
  -0.62532297E-03    9.362702   24.572000   17.407385    7.345410    1.000000    0.000000
  -0.49833190E-03    9.366688   24.579000   17.295478    7.321156    1.000000    0.000000
  -0.39663260E-03    9.370474   24.585000   17.183640    7.297146    1.000000    0.000000
  -0.31528028E-03    9.374075   24.589000   17.071798    7.273318    1.000000    0.000000
  -0.25028098E-03    9.377501   24.592000   16.959879    7.249233    1.000000    0.000000
  -0.20000000E-03    9.380642   24.595000   16.852130    7.225607    1.000000    0.000000
